1|사과||44208|Carry|0|5|5|1|1524|-1
2|가스가 찬 사과||44213|Carry|0|5|1|1|1529|-1
3|폭찹||44270|Carry|0|4|10|1|1590|-1
4|당근||44204|Carry|0|30|3|1|1530|-1
5|양배추||44205|Carry|0|30|3|1|1531|-1
6|우유||44216|Carry|0|38|1|1|1536|-1
7|물||44332|Carry|0|38|0|1|1634|-1
8|딸기||44210|Carry|0|5|3|1|1526|-1
9|블루베리||44211|Carry|0|5|3|1|1527|-1
10|나이트베리||44212|Carry|0|5|9|1|1528|-1
11|밀 씨앗||44318|Carry|0|6|4|1|1620|-1
12|당근 씨앗||44317|Carry|1|6|4|1|1619|-1
13|양배추 씨앗||44316|Carry|2|6|4|1|1618|-1
14|밀||44206|Carry|0|2|3|1|1532|-1
20|버섯||44214|Carry|0|30|6|1|1534|-1
21|무지개 버섯||44215|Carry|0|30|10|1|1535|-1
22|뼈||44272|Carry|0|7|0|1|1592|-1
23|랜턴||44254|Carry|0|3|1|1|1574|-1
26|물뿌리개||44258|Carry|0|3|2|1|1578|-1
27|류트||44269|Carry|0|3|100|1|1589|-1
28|새총||44255|Carry|0|3|3|1|1575|-1
29|낚싯대||44260|Carry|0|3|0|1|1580|-1
30|공||44271|Carry|0|7|1|1|1591|-1
31|유리병||44735|Carry|0|35|2|1|2039|-1
34|폰드러커||44279|Carry|0|27|3|1|1599|-1
35|Rainfish||44217|Carry|0|27|5|1|1537|-1
36|잠자는 이의 제스트||44276|NoCarry|46|8|10|1|1596|-1
37|수프 올라드||44276|NoCarry|47|8|10|1|1596|-1
38|엄마의 우유 푸딩||44276|NoCarry|48|8|10|1|1596|-1
39|캔들위치 그린||44276|NoCarry|49|8|10|1|1596|-1
42|심플턴의 스튜||44276|NoCarry|52|8|10|1|1596|-1
43|모두의 샐러드||44276|NoCarry|53|8|10|1|1596|-1
44|체포 스튜||44276|NoCarry|54|8|10|1|1596|-1
46|잠자는 이의 제스트||44234|Carry|0|44|19|1|1554|-1
47|수프 올라드||44232|Carry|0|44|31|1|1552|-1
48|엄마의 우유 푸딩||44231|Carry|0|42|38|1|1551|-1
49|캔들위치 그린||44235|Carry|0|44|16|1|1555|-1
50|베이컨 서프라이즈||44315|Carry|0|45|14|1|1617|-1
51|에드워드의 뭉크||44319|Carry|0|42|24|1|1621|-1
52|심플턴의 스튜||44322|Carry|0|45|19|1|1624|-1
53|모두의 샐러드||44321|Carry|0|43|18|1|1623|-1
54|체포 스튜||44314|Carry|0|45|20|1|1616|-1
55|걸쭉한 그림||44325|Carry|0|44|23|1|1627|-1
56|청어 사용법||44275|NoCarry|0|9|15|1|1595|-1
57|장어 사용법||44275|NoCarry|0|9|15|1|1595|-1
58|창꼬치 위치 1||44275|NoCarry|0|9|10|1|1595|-1
59|창꼬치 위치 2||44275|NoCarry|0|9|10|1|1595|-1
60|창꼬치 사용법||44275|NoCarry|0|9|15|1|1595|-1
61|폰드러커 위치 1||44275|NoCarry|0|9|10|1|1595|-1
63|청어 위치 1||44275|NoCarry|0|9|10|1|1595|-1
64|휘슬뿌리||44331|Carry|0|31|14|1|1633|-1
68|꿀||44333|Carry|0|38|4|1|1635|-1
69|토마토||44264|Carry|0|5|5|1|1584|-1
72|폰드러커 위치 2||44275|NoCarry|0|9|10|1|1595|-1
73|청어 위치 2||44275|NoCarry|0|9|10|1|1595|-1
74|오브||25164|Carry|0|7|0|1|-1|-1
75|레인스틱||44274|Carry|0|34|0|1|1594|-1
76|마법의 콩||44273|Carry|6|6|0|1|1593|-1
77|바벨 위치 1||44275|NoCarry|0|9|10|1|1595|-1
78|바벨 위치 2||44275|NoCarry|0|9|10|1|1595|-1
79|바벨 사용법||44275|NoCarry|0|9|15|1|1595|-1
80|우럭 위치 1||44275|NoCarry|0|9|10|1|1595|-1
81|장어 위치 1||44275|NoCarry|0|9|10|1|1595|-1
82|폰드러커 사용법||44275|NoCarry|0|9|15|1|1595|-1
85|청어||44278|Carry|0|27|11|1|1598|-1
87|화염고기||44308|Carry|0|27|11|1|1673|-1
88|깃발고기||44307|Carry|0|27|13|1|1672|-1
90|저주고기||44327|Carry|0|27|17|1|1629|-1
91|달물고기||44306|Carry|0|27|16|1|1671|-1
92|연준모치||44277|Carry|0|27|7|1|1597|-1
95|놀라운 축소판||44276|NoCarry|98|8|6|1|1596|-1
96|작은 수액||44242|Carry|0|31|14|1|1562|-1
97|장어 위치 2||44275|NoCarry|0|9|10|1|1595|-1
98|놀라운 축소판||44365|Carry|0|41|44|1|1681|-1
179|낫 몰드||44370|NoCarry|0|25|50|1|1686|-1
245|주석 낫||44252|NoCarry|0|3|9|1|1572|-1
302|민들레||44363|Carry|0|2|0|1|1679|-1
303|주석 양동이||44257|Carry|0|35|5|1|1577|-1
304|나무 양동이||44256|Carry|0|35|0|1|1576|-1
307|드루이다 우상||44833|NoCarry|0|36|20|1|2114|-1
308|바인딩 밴드||44251|NoCarry|0|36|50|1|1571|-1
309|다람쥐 사탕||44249|Carry|0|10|2|1|1569|-1
310|토끼 사탕||44248|Carry|0|10|2|1|1568|-1
311|로맨스의 장미||44328|NoCarry|0|2|8|1|1630|-1
312|쉽게 가자 물약||44293|Carry|0|21|22|1|1613|-1
314|펩 파우더||44292|NoCarry|0|19|32|1|1612|-1
322|곡괭이||44282|Carry|0|3|0|1|1602|-1
324|뻐꾸기 이슬||44243|Carry|1|31|4|1|1563|-1
325|배||44209|Carry|0|5|4|1|1525|-1
326|밀가루||44221|Carry|0|30|1|1|1541|-1
327|강 송어||44218|Carry|0|27|7|1|1538|-1
328|오팔 잉어||44219|Carry|0|27|10|1|1539|-1
329|체크무늬 처브||44220|Carry|0|27|6|1|1540|-1
330|딸기 잼||44223|Carry|0|40|15|1|1543|-1
331|블루베리 잼||44224|Carry|0|40|13|1|1544|-1
332|블루베리 파이||44225|Carry|0|41|20|1|1545|-1
333|사과 파이||44226|Carry|0|41|27|1|1546|-1
334|생선 파이||44227|Carry|0|41|31|1|1547|-1
335|버섯 파이||44228|Carry|0|41|31|1|1548|-1
337|사과 빵||44230|Carry|0|39|32|1|1550|-1
338|쐐기풀||44236|Carry|0|31|6|1|1556|-1
340|파슬리||44238|Carry|0|31|7|1|1558|-1
341|바질||44239|Carry|0|31|7|1|1559|-1
342|민트||44240|Carry|0|31|5|1|1560|-1
343|백리향||44241|Carry|0|31|5|1|1561|-1
344|무덤 라일락||44244|Carry|0|2|16|1|1564|-1
345|블러드퓨||44245|Carry|0|2|4|1|1565|-1
346|양귀비||44246|Carry|0|2|9|1|1566|-1
347|고개숙인 낸시||44237|Carry|0|2|5|1|1557|-1
348|앵초||44247|Carry|0|2|3|1|1567|-1
349|붉은 광산 열쇠||44285|NoCarry|0|28|0|1|1605|-1
350|파란 광산 열쇠||44283|NoCarry|0|28|0|1|1603|-1
351|초록 광산 열쇠||44286|NoCarry|0|28|0|1|1606|-1
352|바늘고기 사용법||44275|NoCarry|0|9|50|1|1595|-1
361|달물고기 위치 1||44275|NoCarry|0|9|10|1|1595|-1
362|달물고기 위치 2||44275|NoCarry|0|9|10|1|1595|-1
363|달물고기 사용법||44275|NoCarry|0|9|15|1|1595|-1
364|깃발고기 위치 1||44275|NoCarry|0|9|10|1|1595|-1
365|깃발고기 위치 2||44275|NoCarry|0|9|10|1|1595|-1
366|깃발고기 사용법||44275|NoCarry|0|9|15|1|1595|-1
367|스웜플래치 위치 2||44275|NoCarry|0|9|10|1|1595|-1
368|스웜플래치 사용법||44275|NoCarry|0|9|15|1|1595|-1
369|플리커핀 위치 1||44275|NoCarry|0|9|10|1|1595|-1
370|우럭 사용법||44275|NoCarry|0|9|15|1|1595|-1
371|강 송어 위치 1||44275|NoCarry|0|9|10|1|1595|-1
372|강 송어 위치 2||44275|NoCarry|0|9|10|1|1595|-1
375|호박 위치 1||44275|NoCarry|0|9|10|1|1595|-1
376|호박 위치 2||44275|NoCarry|0|9|10|1|1595|-1
377|호박 사용법||44275|NoCarry|0|9|15|1|1595|-1
378|화염고기 사용법||44275|NoCarry|0|9|50|1|1595|-1
379|체크무늬 처브 사용법||44275|NoCarry|0|9|15|1|1595|-1
380|바늘고기 위치 1||44275|NoCarry|0|9|40|1|1595|-1
381|바늘고기 위치 2||44275|NoCarry|0|9|40|1|1595|-1
382|썩은 사과||44313|Carry|0|5|1|1|1615|-1
386|피시 위시 위치 2||44275|NoCarry|0|9|10|1|1595|-1
387|로리안테 위치 2||44275|NoCarry|0|9|10|1|1595|-1
389|달걀||44261|Carry|0|32|2|1|1581|-1
390|닭다리||44222|Carry|0|4|9|1|1542|-1
391|농부의 스튜||44276|NoCarry|392|8|5|1|1596|-1
392|농부의 스튜||44364|Carry|0|45|20|1|1680|-1
393|밤 우유||44276|NoCarry|394|8|10|1|1596|-1
394|밤 우유||44366|Carry|0|44|20|1|1682|-1
395|사과 파이||44276|NoCarry|333|8|10|1|1596|-1
396|블루베리 파이||44276|NoCarry|332|8|10|1|1596|-1
397|딸기 파이||44276|NoCarry|398|8|10|1|1596|-1
398|딸기 파이||44367|Carry|0|41|20|1|1683|-1
399|과수원의 과일||44276|NoCarry|400|8|8|1|1596|-1
400|과수원의 과일||44323|Carry|0|42|21|1|1625|-1
401|스털링 버튼 이끼 스튜||44276|NoCarry|402|8|9|1|1596|-1
402|스털링 버튼 이끼 스튜||44324|Carry|0|45|31|1|1626|-1
403|생선 파이||44276|NoCarry|334|8|10|1|1596|-1
404|버섯 파이||44276|NoCarry|335|8|10|1|1596|-1
405|구스베리||44299|NoCarry|7|5|5|1|1664|-1
406|구스베리 파이||44300|NoCarry|0|41|41|1|1665|-1
407|나이다 우상||44840|NoCarry|0|36|20|1|2123|-1
408|연인의 송로버섯||44303|Carry|0|30|12|1|1668|-1
409|참풀||44302|Carry|0|31|4|1|1667|-1
410|구리 광석||44305|NoCarry|0|24|7|1|1670|-1
411|플로팔롯 물약||44377|NoCarry|0|21|8|1|1692|-1
414|낮잠 별 파우더||44581|NoCarry|0|19|13|1|1894|-1
417|선명한 색의 물약||44382|NoCarry|0|21|12|1|1697|-1
418|연고-약||44379|NoCarry|0|20|9|1|1694|-1
193|구리 검||44304|NoCarry|0|0|14|1|1669|-1
419|홉의 이빨||44330|NoCarry|0|33|3|1|1632|-1
420|슬라임 점액||44329|NoCarry|0|33|3|1|1631|-1
421|브라스||44369|NoCarry|0|28|1|1|1685|-1
422|강 송어 사용법||44275|NoCarry|0|9|15|1|1595|-1
423|오팔 잉어 위치 1||44275|NoCarry|0|9|10|1|1595|-1
424|오팔 잉어 위치 2||44275|NoCarry|0|9|10|1|1595|-1
425|플리커핀 위치 2||44275|NoCarry|0|9|10|1|1595|-1
426|플리커핀 사용법||44275|NoCarry|0|9|15|1|1595|-1
427|피시 위시 위치 1||44275|NoCarry|0|9|10|1|1595|-1
428|오팔 잉어 사용법||44275|NoCarry|0|9|15|1|1595|-1
429|체크무늬 처브 위치 1||44275|NoCarry|0|9|10|1|1595|-1
430|체크무늬 처브 위치 2||44275|NoCarry|0|9|10|1|1595|-1
431|피시 위시 사용법||44275|NoCarry|0|9|15|1|1595|-1
432|로리안테 위치 1||44275|NoCarry|0|9|10|1|1595|-1
433|로리안테 사용법||44275|NoCarry|0|9|15|1|1595|-1
434|연준모치 위치 2||44275|NoCarry|0|9|10|1|1595|-1
435|연준모치 사용법||44275|NoCarry|0|9|15|1|1595|-1
436|스웜플래치 위치 1||44275|NoCarry|0|9|10|1|1595|-1
437|화염고기 위치 1||44275|NoCarry|0|9|40|1|1595|-1
438|화염고기 위치 2||44275|NoCarry|0|9|40|1|1595|-1
439|연준모치 위치 1||44275|NoCarry|0|9|10|1|1595|-1
171|검 몰드||44371|NoCarry|0|25|50|1|1687|-1
237|주석 검||44403|NoCarry|0|0|11|1|1718|-1
164|주석 광석||44268|NoCarry|0|24|3|1|1588|-1
440|옵스큐라||44373|Carry|0|3|30|1|1689|-1
180|삽 몰드||44423|NoCarry|0|25|10|1|1738|-1
441|양동이 몰드||44424|NoCarry|0|25|10|1|1739|-1
442|구리 양동이||44406|Carry|0|35|9|1|1721|-1
443|즐거운 나의 집||44374|Carry|0|34|10|1|3987|-1
444|나무 열쇠||44298|NoCarry|0|34|0|1|3988|-1
246|주석 삽||44253|NoCarry|0|3|8|1|1573|-1
202|구리 삽||44405|NoCarry|0|3|9|1|1720|-1
201|구리 낫||44404|NoCarry|0|3|13|1|1719|-1
89|실버스케일||44409|Carry|0|27|4|1|1724|-1
166|루미늄 광석||44384|NoCarry|0|24|8|1|1699|-1
268|루미늄 삽||44430|NoCarry|0|3|10|1|1745|-1
267|루미늄 낫||44429|NoCarry|0|3|14|1|1744|-1
259|루미늄 검||44428|NoCarry|0|0|16|1|1743|-1
445|루미늄 양동이||44431|Carry|0|35|10|1|1746|-1
446|Purple Dye||44396|NoCarry|0|29|10|1|1711|-1
447|플리커핀||44410|Carry|0|27|15|1|1725|-1
448|피시 위시||44411|Carry|0|27|22|1|1726|-1
449|스웜플래치||44412|Carry|0|27|9|1|1727|-1
450|설탕 자두||44408|Carry|0|5|12|1|1723|-1
451|구미 버섯||44390|Carry|0|30|7|1|1705|-1
452|펀플라워||44393|Carry|0|2|6|1|1708|-1
453|돼지고기 나무 씨앗||44388|Carry|30|6|4|1|1703|-1
454|펀플라워 씨앗||44402|Carry|31|6|4|1|1717|-1
455|송스트렐 씨앗||44389|Carry|29|6|4|1|1704|-1
456|송스트렐 Flower||44383|Carry|0|2|7|1|1698|-1
457|Pink Dye||44386|NoCarry|0|29|10|1|1701|-1
458|Green Dye||44385|NoCarry|9|29|10|1|1700|-1
459|참마||44387|Carry|0|38|1|1|1702|-1
460|구미얌 파이||44391|Carry|0|41|24|1|1706|-1
461|피시위시 파이||44414|Carry|0|41|71|1|1729|-1
462|요정 케이크||44413|Carry|0|42|35|1|1728|-1
463|Blood Red Dye||44394|NoCarry|9|29|10|1|1709|-1
464|Blonde Dye||44395|NoCarry|9|29|10|1|1710|-1
465|Black Dye||44397|NoCarry|9|29|10|1|1712|-1
466|Grey Dye||44398|NoCarry|9|29|10|1|1713|-1
467|Ginger Dye||44399|NoCarry|9|29|10|1|1714|-1
468|Brown Dye||44400|NoCarry|9|29|10|1|1715|-1
469|Blue Dye||44401|NoCarry|9|29|10|1|1716|-1
470|H.페퍼의 네이밍 너트||44407|Carry|6|7|10|1|1722|-1
471|흰 장미||44442|NoCarry|0|36|1|1|1757|-1
472|당신과 나의 파이||44444|Carry|0|41|15|1|1759|-1
473|당신과 나의 파이||44276|NoCarry|472|8|4|1|1596|-1
474|사과 빵||44276|NoCarry|337|8|5|1|1596|-1
484|호박||44445|Carry|0|30|8|1|1760|-1
485|상추||44457|Carry|0|30|4|1|1772|-1
486|래디시||44458|Carry|0|30|5|1|1773|-1
489|난초||44476|Carry|0|2|7|1|1791|-1
490|해바라기||44446|Carry|0|2|4|1|1761|-1
491|엉겅퀴||44447|Carry|0|2|4|1|1762|-1
492|분홍 장미||44448|Carry|0|2|5|1|1763|-1
493|카모마일||44465|Carry|0|31|4|1|1780|-1
494|개박하||44466|Carry|0|31|6|1|1781|-1
495|생강||44467|Carry|0|31|7|1|1782|-1
496|호박 파이||44449|Carry|0|41|31|1|1764|-1
497|페기 수프||44450|Carry|0|44|30|1|1765|-1
498|덤불의 모음곡||44451|Carry|0|42|19|1|1766|-1
499|호지포드게스토지||44452|Carry|0|45|18|1|1767|-1
500|수프 허만||44453|Carry|0|44|19|1|1768|-1
503|보리 씨앗||44462|Carry|43|6|4|1|1777|-1
504|호박 씨앗||44463|Carry|44|6|4|1|1778|-1
505|상추 씨앗||44464|Carry|35|6|4|1|1779|-1
506|토끼 콘돌||44499|NoCarry|0|36|5|1|1812|-1
507|해바라기 씨앗||44482|Carry|37|6|4|1|1857|-1
481|장어||44454|Carry|0|27|4|1|1769|-1
482|창꼬치||44455|Carry|0|27|6|1|1770|-1
483|바벨||44456|Carry|0|27|16|1|1771|-1
161|아연 광석||44470|NoCarry|0|24|5|1|1785|-1
508|래디시 씨앗||44481|Carry|45|6|4|1|1856|-1
15|보리||44460|Carry|0|2|3|1|1775|-1
509|프레일 우상||44841|NoCarry|0|36|20|1|2124|-1
177|와드 몰드||44471|NoCarry|0|25|30|1|1786|-1
174|장신구 몰드||44472|NoCarry|0|25|50|1|1787|-1
213|아연 삽||44496|NoCarry|0|3|6|1|1809|-1
212|아연 낫||44498|NoCarry|0|3|9|1|1811|-1
510|아연 양동이||44494|Carry|0|35|6|1|1807|-1
265|루미늄 와드||44490|NoCarry|0|26|12|1|1803|-1
210|아연 와드||44473|NoCarry|0|26|8|1|1788|-1
199|구리 와드||44488|NoCarry|0|26|11|1|1801|-1
243|주석 와드||44489|NoCarry|0|26|9|1|1802|-1
204|아연 검||44492|NoCarry|0|0|10|1|1805|-1
196|구리 장신구||44484|NoCarry|0|37|12|1|1797|-1
262|루미늄 장신구||44486|NoCarry|0|37|14|1|1799|-1
240|주석 장신구||44485|NoCarry|0|37|10|1|1798|-1
207|아연 장신구||44474|NoCarry|0|37|9|1|1789|-1
511|호박 파이||44276|NoCarry|496|8|10|1|1596|-1
512|페기 수프||44276|NoCarry|497|8|10|1|1596|-1
513|호지포드게스토지||44276|NoCarry|499|8|10|1|1596|-1
514|수프 허만||44276|NoCarry|500|8|10|1|1596|-1
515|덤불의 모음곡||44276|NoCarry|498|8|10|1|1596|-1
523|우럭 위치 2||44275|NoCarry|0|9|10|1|1595|-1
524|상추 위치 1||44275|NoCarry|0|9|10|1|1595|-1
525|상추 위치 2||44275|NoCarry|0|9|10|1|1595|-1
526|상추 사용법||44275|NoCarry|0|9|15|1|1595|-1
527|래디시 위치 1||44275|NoCarry|0|9|10|1|1595|-1
528|래디시 위치 2||44275|NoCarry|0|9|10|1|1595|-1
529|래디시 사용법||44275|NoCarry|0|9|15|1|1595|-1
530|장신구 위치 1||44275|NoCarry|0|9|10|1|1595|-1
531|장신구 위치 2||44275|NoCarry|0|9|10|1|1595|-1
532|장신구 사용법||44275|NoCarry|0|9|15|1|1595|-1
533|밀 위치 1||44275|NoCarry|0|9|10|1|1595|-1
534|밀 위치 2||44275|NoCarry|0|9|10|1|1595|-1
535|밀 사용법||44275|NoCarry|0|9|15|1|1595|-1
536|보리 위치 1||44275|NoCarry|0|9|40|1|1595|-1
537|보리 위치 2||44275|NoCarry|0|9|40|1|1595|-1
538|보리 사용법||44275|NoCarry|0|9|50|1|1595|-1
539|당근 위치 1||44275|NoCarry|0|9|5|1|1595|-1
540|당근 위치 2||44275|NoCarry|0|9|5|1|1595|-1
541|당근 사용법||44275|NoCarry|0|9|15|1|1595|-1
542|양배추 위치 1||44275|NoCarry|0|9|5|1|1595|-1
543|양배추 위치 2||44275|NoCarry|0|9|5|1|1595|-1
544|양배추 사용법||44275|NoCarry|0|9|15|1|1595|-1
545|사과 위치 1||44275|NoCarry|0|9|10|1|1595|-1
546|사과 위치 2||44275|NoCarry|0|9|10|1|1595|-1
547|사과 사용법||44275|NoCarry|0|9|15|1|1595|-1
548|배 위치 1||44275|NoCarry|0|9|10|1|1595|-1
549|배 위치 2||44275|NoCarry|0|9|10|1|1595|-1
550|배 사용법||44275|NoCarry|0|9|15|1|1595|-1
551|딸기 위치 1||44275|NoCarry|0|9|5|1|1595|-1
552|딸기 위치 2||44275|NoCarry|0|9|5|1|1595|-1
553|딸기 사용법||44275|NoCarry|0|9|10|1|1595|-1
554|블루베리 위치 1||44275|NoCarry|0|9|10|1|1595|-1
555|블루베리 위치 2||44275|NoCarry|0|9|10|1|1595|-1
556|블루베리 사용법||44275|NoCarry|0|9|15|1|1595|-1
557|가스가 찬 사과 위치 1||44275|NoCarry|0|9|10|1|1595|-1
558|가스가 찬 사과 위치 2||44275|NoCarry|0|9|10|1|1595|-1
559|가스가 찬 사과 사용법||44275|NoCarry|0|9|15|1|1595|-1
560|토마토 위치 1||44275|NoCarry|0|9|10|1|1595|-1
561|토마토 위치 2||44275|NoCarry|0|9|10|1|1595|-1
562|토마토 사용법||44275|NoCarry|0|9|15|1|1595|-1
563|구스베리 위치 1||44275|NoCarry|0|9|10|1|1595|-1
564|구스베리 위치 2||44275|NoCarry|0|9|10|1|1595|-1
565|구스베리 사용법||44275|NoCarry|0|9|15|1|1595|-1
566|나이트베리 위치 1||44275|NoCarry|0|9|40|1|1595|-1
567|나이트베리 위치 2||44275|NoCarry|0|9|40|1|1595|-1
568|나이트베리 사용법||44275|NoCarry|0|9|50|1|1595|-1
569|구미 위치 1||44275|NoCarry|0|9|10|1|1595|-1
570|구미 위치 2||44275|NoCarry|0|9|10|1|1595|-1
571|구미 사용법||44275|NoCarry|0|9|15|1|1595|-1
572|참마 위치 1||44275|NoCarry|0|9|10|1|1595|-1
573|참마 위치 2||44275|NoCarry|0|9|10|1|1595|-1
574|참마 사용법||44275|NoCarry|0|9|15|1|1595|-1
578|설탕 자두 위치 1||44275|NoCarry|0|9|10|1|1595|-1
579|설탕 자두 위치 2||44275|NoCarry|0|9|10|1|1595|-1
580|설탕 자두 사용법||44275|NoCarry|0|9|15|1|1595|-1
581|엘더베리 위치 1||44275|NoCarry|0|9|10|1|1595|-1
582|엘더베리 위치 2||44275|NoCarry|0|9|10|1|1595|-1
583|엘더베리 사용법||44275|NoCarry|0|9|15|1|1595|-1
584|황혼 체리 위치 1||44275|NoCarry|0|9|10|1|1595|-1
585|황혼 체리 위치 2||44275|NoCarry|0|9|10|1|1595|-1
586|황혼 체리 사용법||44275|NoCarry|0|9|15|1|1595|-1
590|난초 위치 1||44275|NoCarry|0|9|10|1|1595|-1
591|난초 위치 2||44275|NoCarry|0|9|10|1|1595|-1
592|난초 사용법||44275|NoCarry|0|9|15|1|1595|-1
593|해바라기 위치 1||44275|NoCarry|0|9|10|1|1595|-1
594|해바라기 위치 2||44275|NoCarry|0|9|10|1|1595|-1
595|해바라기 사용법||44275|NoCarry|0|9|15|1|1595|-1
596|엉겅퀴 위치 1||44275|NoCarry|0|9|10|1|1595|-1
597|엉겅퀴 위치 2||44275|NoCarry|0|9|10|1|1595|-1
598|엉겅퀴 사용법||44275|NoCarry|0|9|15|1|1595|-1
599|분홍 장미 위치 1||44275|NoCarry|0|9|10|1|1595|-1
600|분홍 장미 위치 2||44275|NoCarry|0|9|10|1|1595|-1
601|분홍 장미 사용법||44275|NoCarry|0|9|15|1|1595|-1
602|민들레 위치 1||44275|NoCarry|0|9|40|1|1595|-1
603|민들레 위치 2||44275|NoCarry|0|9|40|1|1595|-1
604|민들레 사용법||44275|NoCarry|0|9|50|1|1595|-1
605|뻐꾸기 이슬 위치 1||44275|NoCarry|0|9|10|1|1595|-1
606|뻐꾸기 이슬 위치 2||44275|NoCarry|0|9|10|1|1595|-1
607|뻐꾸기 이슬 사용법||44275|NoCarry|0|9|15|1|1595|-1
608|무덤 라일락 위치 1||44275|NoCarry|0|9|10|1|1595|-1
609|무덤 라일락 위치 2||44275|NoCarry|0|9|10|1|1595|-1
610|무덤 라일락 사용법||44275|NoCarry|0|9|15|1|1595|-1
611|블러드퓨 위치 1||44275|NoCarry|0|9|10|1|1595|-1
612|블러드퓨 위치 2||44275|NoCarry|0|9|10|1|1595|-1
613|블러드퓨 사용법||44275|NoCarry|0|9|15|1|1595|-1
614|앵초 위치 1||44275|NoCarry|0|9|40|1|1595|-1
615|앵초 위치 2||44275|NoCarry|0|9|40|1|1595|-1
616|앵초 사용법||44275|NoCarry|0|9|50|1|1595|-1
617|로맨스의 장미 위치 1||44275|NoCarry|0|9|10|1|1595|-1
618|로맨스의 장미 위치 2||44275|NoCarry|0|9|10|1|1595|-1
619|로맨스의 장미 사용법||44275|NoCarry|0|9|15|1|1595|-1
620|양귀비 위치 1||44275|NoCarry|0|9|10|1|1595|-1
621|양귀비 위치 2||44275|NoCarry|0|9|10|1|1595|-1
622|양귀비 사용법||44275|NoCarry|0|9|15|1|1595|-1
623|고개숙인 낸시 위치 1||44275|NoCarry|0|9|10|1|1595|-1
624|고개숙인 낸시 위치 2||44275|NoCarry|0|9|10|1|1595|-1
625|고개숙인 낸시 사용법||44275|NoCarry|0|9|15|1|1595|-1
626|흰 장미 위치 1||44275|NoCarry|0|9|10|1|1595|-1
627|흰 장미 위치 2||44275|NoCarry|0|9|10|1|1595|-1
628|흰 장미 사용법||44275|NoCarry|0|9|15|1|1595|-1
629|연인의 송로버섯 위치 1||44275|NoCarry|0|9|10|1|1595|-1
630|연인의 송로버섯 위치 2||44275|NoCarry|0|9|10|1|1595|-1
631|연인의 송로버섯 사용법||44275|NoCarry|0|9|15|1|1595|-1
632|참풀 위치 1||44275|NoCarry|0|9|10|1|1595|-1
633|참풀 위치 2||44275|NoCarry|0|9|10|1|1595|-1
634|참풀 사용법||44275|NoCarry|0|9|15|1|1595|-1
635|작은 수액 위치 1||44275|NoCarry|0|9|10|1|1595|-1
636|작은 수액 위치 2||44275|NoCarry|0|9|10|1|1595|-1
637|작은 수액 사용법||44275|NoCarry|0|9|15|1|1595|-1
638|펀플라워 위치 1||44275|NoCarry|0|9|10|1|1595|-1
639|펀플라워 위치 2||44275|NoCarry|0|9|10|1|1595|-1
640|펀플라워 사용법||44275|NoCarry|0|9|15|1|1595|-1
641|송스트렐 위치 1||44275|NoCarry|0|9|10|1|1595|-1
642|송스트렐 위치 2||44275|NoCarry|0|9|10|1|1595|-1
643|송스트렐 사용법||44275|NoCarry|0|9|15|1|1595|-1
644|달 가시 위치 1||44275|NoCarry|0|9|10|1|1595|-1
645|달 가시 위치 2||44275|NoCarry|0|9|10|1|1595|-1
646|달 가시 사용법||44275|NoCarry|0|9|15|1|1595|-1
650|마가목 열매 위치 1||44275|NoCarry|0|9|10|1|1595|-1
651|마가목 열매 위치 2||44275|NoCarry|0|9|10|1|1595|-1
652|마가목 열매 사용법||44275|NoCarry|0|9|15|1|1595|-1
653|율리시스 위치 1||44275|NoCarry|0|9|10|1|1595|-1
654|율리시스 위치 2||44275|NoCarry|0|9|10|1|1595|-1
655|율리시스 사용법||44275|NoCarry|0|9|15|1|1595|-1
656|카모마일 위치 1||44275|NoCarry|0|9|10|1|1595|-1
657|카모마일 위치 2||44275|NoCarry|0|9|10|1|1595|-1
658|카모마일 사용법||44275|NoCarry|0|9|15|1|1595|-1
659|개박하 위치 1||44275|NoCarry|0|9|10|1|1595|-1
660|개박하 위치 2||44275|NoCarry|0|9|10|1|1595|-1
661|개박하 사용법||44275|NoCarry|0|9|15|1|1595|-1
662|생강 위치 1||44275|NoCarry|0|9|10|1|1595|-1
663|생강 위치 2||44275|NoCarry|0|9|10|1|1595|-1
664|생강 사용법||44275|NoCarry|0|9|15|1|1595|-1
665|바질 위치 1||44275|NoCarry|0|9|11|1|1595|-1
666|바질 위치 2||44275|NoCarry|0|9|10|1|1595|-1
667|바질 사용법||44275|NoCarry|0|9|15|1|1595|-1
668|백리향 위치 1||44275|NoCarry|0|9|10|1|1595|-1
669|백리향 위치 2||44275|NoCarry|0|9|10|1|1595|-1
670|백리향 사용법||44275|NoCarry|0|9|15|1|1595|-1
671|민트 위치 1||44275|NoCarry|0|9|10|1|1595|-1
672|민트 위치 2||44275|NoCarry|0|9|10|1|1595|-1
673|민트 사용법||44275|NoCarry|0|9|15|1|1595|-1
674|파슬리 위치 1||44275|NoCarry|0|9|10|1|1595|-1
675|파슬리 위치 2||44275|NoCarry|0|9|10|1|1595|-1
676|파슬리 사용법||44275|NoCarry|0|9|15|1|1595|-1
677|썩은 사과 위치 1||44275|NoCarry|0|9|10|1|1595|-1
678|썩은 사과 위치 2||44275|NoCarry|0|9|10|1|1595|-1
679|썩은 사과 사용법||44275|NoCarry|0|9|15|1|1595|-1
680|무지개 버섯 위치 1||44275|NoCarry|0|9|10|1|1595|-1
681|무지개 버섯 위치 2||44275|NoCarry|0|9|10|1|1595|-1
682|무지개 버섯 사용법||44275|NoCarry|0|9|15|1|1595|-1
683|휘슬뿌리 위치 1||44275|NoCarry|0|9|10|1|1595|-1
684|휘슬뿌리 위치 2||44275|NoCarry|0|9|10|1|1595|-1
685|휘슬뿌리 사용법||44275|NoCarry|0|9|15|1|1595|-1
358|토끼 사탕 위치 1||44275|NoCarry|0|9|3|1|1595|-1
359|토끼 사탕 위치 2||44275|NoCarry|0|9|3|1|1595|-1
388|토끼 사탕 사용법||44275|NoCarry|0|9|5|1|1595|-1
686|다람쥐 사탕 위치 1||44275|NoCarry|0|9|3|1|1595|-1
687|다람쥐 사탕 위치 2||44275|NoCarry|0|9|3|1|1595|-1
688|다람쥐 사탕 사용법||44275|NoCarry|0|9|5|1|1595|-1
689|폭찹 위치 1||44275|NoCarry|0|9|10|1|1595|-1
690|폭찹 위치 2||44275|NoCarry|0|9|10|1|1595|-1
691|폭찹 사용법||44275|NoCarry|0|9|15|1|1595|-1
692|달걀 위치 1||44275|NoCarry|0|9|10|1|1595|-1
693|달걀 위치 2||44275|NoCarry|0|9|10|1|1595|-1
694|달걀 사용법||44275|NoCarry|0|9|15|1|1595|-1
695|닭다리 위치 1||44275|NoCarry|0|9|5|1|1595|-1
696|닭다리 위치 2||44275|NoCarry|0|9|5|1|1595|-1
697|닭다리 사용법||44275|NoCarry|0|9|10|1|1595|-1
698|꿀 위치 1||44275|NoCarry|0|9|10|1|1595|-1
700|꿀 사용법||44275|NoCarry|0|9|15|1|1595|-1
701|우유 위치 1||44275|NoCarry|0|9|10|1|1595|-1
703|우유 사용법||44275|NoCarry|0|9|15|1|1595|-1
704|밀가루 위치 1||44275|NoCarry|0|9|5|1|1595|-1
705|밀가루 위치 2||44275|NoCarry|0|9|5|1|1595|-1
706|밀가루 사용법||44275|NoCarry|0|9|10|1|1595|-1
587|심장뿌리 위치 1||44275|NoCarry|0|9|10|1|1595|-1
588|심장뿌리 위치 2||44275|NoCarry|0|9|10|1|1595|-1
589|심장뿌리 사용법||44275|NoCarry|0|9|15|1|1595|-1
360|손가락 많은 물고기 위치 1||44275|NoCarry|0|9|10|1|1595|-1
373|손가락 많은 물고기 위치 2||44275|NoCarry|0|9|10|1|1595|-1
374|손가락 많은 물고기 사용법||44275|NoCarry|0|9|15|1|1595|-1
707|청어 토스트||44540|NoCarry|0|43|35|1|1858|-1
708|청어 토스트||44276|NoCarry|707|8|10|1|1596|-1
709|걸쭉한 광주리||44541|NoCarry|0|45|15|1|1859|-1
710|걸쭉한 광주리||44276|NoCarry|709|8|10|1|1596|-1
711|수면 홍차||44441|NoCarry|0|44|16|1|1756|-1
712|수면 홍차||44276|NoCarry|711|8|10|1|1596|-1
713|시비걸기 파이||44542|NoCarry|0|41|29|1|1860|-1
714|시비걸기 파이||44276|NoCarry|713|8|10|1|1596|-1
716|구스베리 파이||44276|NoCarry|406|8|15|1|1596|-1
717|쟁기꾼 빵||44544|NoCarry|0|39|27|1|1862|-1
718|쟁기꾼 빵||44276|NoCarry|717|8|15|1|1596|-1
719|물고기 그물 육수||44545|NoCarry|0|44|21|1|1863|-1
720|물고기 그물 육수||44276|NoCarry|719|8|15|1|1596|-1
721|깃발고기 파이||44546|NoCarry|0|41|71|1|1864|-1
722|깃발고기 파이||44276|NoCarry|721|8|15|1|1596|-1
723|매콤한 닭고기 수프||44547|NoCarry|0|44|28|1|1865|-1
724|매콤한 닭고기 수프||44276|NoCarry|723|8|15|1|1596|-1
725|구스베리 잼||44548|NoCarry|0|40|18|1|1866|-1
726|구스베리 잼||44276|NoCarry|725|8|10|1|1596|-1
727|노예와 잔디밭||44549|NoCarry|0|45|30|1|1867|-1
728|노예와 잔디밭||44276|NoCarry|727|8|20|1|1596|-1
729|매운 치킨 샌드위치||44550|NoCarry|0|43|27|1|1868|-1
730|매운 치킨 샌드위치||44276|NoCarry|729|8|15|1|1596|-1
731|하늘을 담은 파이||44551|NoCarry|0|41|65|1|1869|-1
732|하늘을 담은 파이||44276|NoCarry|731|8|10|1|1596|-1
733|스터비 커스터드||44543|NoCarry|0|42|15|1|1861|-1
734|스터비 커스터드||44276|NoCarry|733|8|15|1|1596|-1
735|리스케비스크||44552|NoCarry|0|45|50|1|1870|-1
736|리스케비스크||44276|NoCarry|735|8|10|1|1596|-1
737|피시 굿존스||44553|NoCarry|0|41|44|1|1871|-1
738|피시 굿존스||44276|NoCarry|737|8|20|1|1596|-1
739|긴 빵||44554|NoCarry|0|39|27|1|1872|-1
740|긴 빵||44276|NoCarry|739|8|15|1|1596|-1
741|심장뿌리||44503|NoCarry|0|30|11|1|1819|-1
647|루아크라 위치 1||44275|NoCarry|0|9|10|1|1595|-1
648|루아크라 위치 2||44275|NoCarry|0|9|10|1|1595|-1
649|루아크라 사용법||44275|NoCarry|0|9|15|1|1595|-1
750|지금은 잊어요 씨앗||44555|Carry|46|6|60|1|1777|-1
751|지금은 잊어요 꽃||44607|Carry|4|36|20|1|1920|-1
752|놉의 눈알||44560|NoCarry|0|33|4|1|1873|-1
753|영혼의 정수||44588|NoCarry|0|33|12|1|1901|-1
754|고대의 천||44562|NoCarry|0|33|10|1|1875|-1
755|밤의 꼬리||44563|NoCarry|0|33|8|1|1876|-1
756|검은 발||44564|NoCarry|0|33|10|1|1877|-1
757|누런 심장||44565|NoCarry|0|33|18|1|1878|-1
758|마녀의 천||44566|NoCarry|0|33|15|1|1879|-1
759|자수정||44567|NoCarry|0|33|20|1|1880|-1
760|야수 간||44568|NoCarry|0|33|4|1|1881|-1
761|야수 꼬리||44569|NoCarry|0|33|5|1|1882|-1
762|야수 발톱||44573|NoCarry|0|33|3|1|1886|-1
763|님프의 날개||44571|NoCarry|0|33|4|1|1884|-1
764|유리 눈물||44572|NoCarry|0|33|8|1|1885|-1
772|부-두-두-원||44585|NoCarry|0|19|6|1|1898|-1
773|쉬잇 옥수수죽||44587|NoCarry|0|20|25|1|1900|-1
142|클로팅 크림||44580|Carry|0|20|20|1|1893|-1
146|경재 팅크제||44422|Carry|0|21|14|1|1737|-1
749|율리시스||44535|Carry|0|31|14|1|1851|-1
789|복부 교정||44575|NoCarry|0|19|21|1|1888|-1
790|걸리버 여행||44576|NoCarry|0|19|11|1|1889|-1
792|번아웃||44577|NoCarry|0|20|28|1|1890|-1
793|블라인드 시어||44287|NoCarry|0|20|11|1|1607|-1
795|봄의 향기||44294|NoCarry|0|21|25|1|1614|-1
796|냄새를 잡아라!||44291|NoCarry|0|21|11|1|1611|-1
798|원거리 시력 물약||44420|NoCarry|0|21|23|1|1735|-1
800|불안감 제거||44288|NoCarry|0|19|20|1|1608|-1
802|드람 스토커 연고||44579|NoCarry|0|20|36|1|1892|-1
804|고운 수면 파우더||44290|NoCarry|0|19|24|1|1610|-1
807|골절 안돼||44582|NoCarry|0|20|25|1|1895|-1
809|응급 와드||44584|NoCarry|0|19|11|1|1897|-1
811|시를 담은 로션||44586|NoCarry|0|20|42|1|1899|-1
813|양귀비 퍼컵||44378|NoCarry|0|21|24|1|1693|-1
814|움직이는 감정||44578|NoCarry|0|21|11|1|1891|-1
816|디치 샤넬 No.8||44421|NoCarry|0|21|25|1|1736|-1
819|고어 블리메이||44589|NoCarry|0|20|29|1|1902|-1
820|야수 약탈자||44590|NoCarry|0|20|16|1|1903|-1
822|꿀벌 사라짐||44591|NoCarry|0|20|25|1|1904|-1
823|버즈 오프||44592|NoCarry|0|20|11|1|1905|-1
825|징크스 음료||44593|NoCarry|0|21|35|1|1906|-1
826|스니치 브루||44594|NoCarry|0|21|14|1|1907|-1
828|콘스 테이블 솔트||44595|NoCarry|0|21|26|1|1908|-1
829|시골뜨기||44596|NoCarry|0|21|13|1|1909|-1
831|버스트 고스터||44597|NoCarry|0|20|38|1|1910|-1
832|유령을 잡아라||44598|NoCarry|0|20|20|1|1911|-1
837|아크 에이드||44601|NoCarry|0|20|30|1|1914|-1
838|파라세타몰 스타||44602|NoCarry|0|20|11|1|1915|-1
840|고해상도 솔루션||44603|NoCarry|0|19|24|1|1916|-1
817|실패한 치료제||44574|NoCarry|0|19|3|1|1691|-1
843|실패한 치료제||44574|NoCarry|0|21|3|1|1691|-1
844|실패한 치료제||44574|NoCarry|0|20|3|1|1691|-1
845|파일 드라이버||44599|NoCarry|0|19|21|1|1912|-1
846|당황함||44600|NoCarry|0|19|6|1|1913|-1
848|마인드 블로어||44605|NoCarry|0|21|30|1|1918|-1
849|두개골 배수||44606|NoCarry|0|21|12|1|1919|-1
821|주디스의 매력적인 매력 부적||44558|NoCarry|0|34|0|1|3989|-1
747|루아크라||44534|Carry|0|31|18|1|1850|-1
746|달 가시||44532|Carry|0|31|12|1|1848|-1
165|셰더리스 광석||44536|NoCarry|0|24|10|1|1852|-1
742|엘더베리||44761|NoCarry|0|5|16|1|2065|-1
715|황혼 체리||44502|NoCarry|0|5|15|1|1818|-1
748|마가목 열매||44533|Carry|0|31|14|1|1849|-1
743|로리안테||44530|Carry|0|27|16|1|1846|-1
744|바늘고기||44531|Carry|0|27|17|1|1847|-1
745|손가락 많은 물고기||44529|Carry|0|27|14|1|1845|-1
518|셰더리스 양동이||44669|Carry|0|35|13|1|1973|-1
257|셰더리스 삽||44671|NoCarry|0|3|13|1|1975|-1
256|셰더리스 낫||44672|NoCarry|0|3|18|1|1976|-1
248|셰더리스 검||44668|NoCarry|0|0|20|1|1972|-1
251|셰더리스 장신구||44665|NoCarry|0|37|17|1|1969|-1
254|셰더리스 와드||44666|NoCarry|0|26|15|1|1970|-1
824|묽은 심장 뿌리 수프||44538|Carry|0|44|25|1|1854|-1
827|심장 뿌리 씨앗||44610|Carry|47|6|8|1|1923|-1
830|묽은 심장 뿌리 수프||44276|NoCarry|824|8|50|1|1596|-1
833|피스카투틀||44616|Carry|0|34|150|1|3990|-1
834|유리 렌즈||44613|Carry|0|28|10|1|1594|-1
835|유리 렌즈||44612|Carry|0|28|1000|1|1594|-1
836|유리 렌즈||44614|Carry|0|28|2000|1|1594|-1
839|묘지 탑 열쇠||44283|NoCarry|0|28|0|1|1603|-1
842|돈 가방||44427|NoCarry|0|28|1|1|1742|-1
847|루비 펜던트||44617|NoCarry|0|34|0|1|1605|-1
850|사파이어 펜던트||44618|NoCarry|0|34|0|1|1605|-1
851|다이아몬드 펜던트||44619|NoCarry|0|34|0|1|1605|-1
852|에메랄드 펜던트||44620|NoCarry|0|34|0|1|-1|-1
853|범파 우유||27809|Carry|0|38|5|1|1536|-1
855|실버스케일 위치 2||44275|NoCarry|0|9|40|1|1595|-1
856|실버스케일 사용법||44275|NoCarry|0|9|50|1|1595|-1
857|실버스케일 위치 1||44275|NoCarry|0|9|40|1|1595|-1
859|저주고기 위치 1||44275|NoCarry|0|9|40|1|1595|-1
860|저주고기 위치 2||44275|NoCarry|0|9|40|1|1595|-1
861|저주고기 사용법||44275|NoCarry|0|9|50|1|1595|-1
858|치료 크림||44771|Carry|0|20|20|1|2075|-1
862|불꽃 약병||44769|NoCarry|0|21|19|1|2073|-1
863|악취 폭탄||44768|Carry|0|21|35|1|2072|-1
854|거친 피부 파우더||44770|NoCarry|0|19|19|1|2074|-1
864|복부 교정||44575|NoCarry|0|19|18|1|1888|-1
865|걸리버 여행||44576|NoCarry|0|19|12|1|1889|-1
866|번아웃||44577|NoCarry|0|20|24|1|1890|-1
867|블라인드 시어||44287|NoCarry|0|20|15|1|1607|-1
868|봄의 향기||44294|NoCarry|0|21|20|1|1614|-1
869|냄새를 잡아라!||44291|NoCarry|0|21|14|1|1611|-1
870|원거리 시력 물약||44420|NoCarry|0|21|20|1|1735|-1
871|선명한 색의 물약||44382|NoCarry|0|21|16|1|1697|-1
872|펩 파우더||44292|NoCarry|0|19|14|1|1612|-1
873|불안감 제거||44288|NoCarry|0|19|10|1|1608|-1
874|드람 스토커 연고||44579|NoCarry|0|20|28|1|1892|-1
875|클로티드 크림||44580|Carry|0|20|22|1|1893|-1
876|고운 수면 파우더||44290|NoCarry|0|19|14|1|1610|-1
877|낮잠 별 파우더||44581|NoCarry|0|19|9|1|1894|-1
878|쉽게 가자 물약||44293|Carry|0|21|19|1|1613|-1
879|플로팔롯 물약||44377|NoCarry|0|21|11|1|1692|-1
880|골절 안돼||44582|NoCarry|0|20|19|1|1895|-1
881|연고-약||44379|NoCarry|0|20|4|1|1694|-1
882|응급 와드||44584|NoCarry|0|19|18|1|1897|-1
883|부-두-두-원||44585|NoCarry|0|19|11|1|1898|-1
884|시를 담은 로션||44586|NoCarry|0|20|16|1|1899|-1
885|쉬잇 옥수수죽||44587|NoCarry|0|20|8|1|1900|-1
886|양귀비 퍼컵||44378|NoCarry|0|21|22|1|1693|-1
887|움직이는 감정||44578|NoCarry|0|21|13|1|1891|-1
888|디치 샤넬 No.8||44421|NoCarry|0|21|20|1|1736|-1
889|경재 팅크제||44422|Carry|0|21|15|1|1737|-1
890|고어 블리메이||44589|NoCarry|0|20|14|1|1902|-1
891|야수 약탈자||44590|NoCarry|0|20|10|1|1903|-1
892|꿀벌 사라짐||44591|NoCarry|0|20|18|1|1904|-1
893|버즈 오프||44592|NoCarry|0|20|10|1|1905|-1
894|징크스 음료||44593|NoCarry|0|21|30|1|1906|-1
895|스니치 브루||44594|NoCarry|0|21|11|1|1907|-1
896|콘스 테이블 솔트||44595|NoCarry|0|21|23|1|1908|-1
897|시골뜨기||44596|NoCarry|0|21|10|1|1909|-1
898|버스트 고스터||44597|NoCarry|0|20|26|1|1910|-1
899|유령을 잡아라||44598|NoCarry|0|20|12|1|1911|-1
900|아크 에이드||44601|NoCarry|0|20|26|1|1914|-1
901|파라세타몰 스타||44602|NoCarry|0|20|16|1|1915|-1
902|고해상도 솔루션||44603|NoCarry|0|19|18|1|1916|-1
903|8 비트 더스트||44604|NoCarry|0|19|16|1|1917|-1
904|파일 드라이버||44599|NoCarry|0|19|18|1|1912|-1
905|당황함||44600|NoCarry|0|19|11|1|1913|-1
906|마인드 블로어||44605|NoCarry|0|21|26|1|1918|-1
907|두개골 배수||44606|NoCarry|0|21|21|1|1919|-1
908|구리 부적||44684|NoCarry|0|26|11|1|1988|-1
909|주석 부적||44685|NoCarry|0|26|9|1|1989|-1
910|아연 부적||44686|NoCarry|0|26|8|1|1989|-1
911|루미늄 부적||44688|NoCarry|0|26|12|1|1995|-1
912|셰더리스 부적||44667|NoCarry|0|26|15|1|1971|-1
913|부적 몰드||44662|NoCarry|0|25|30|1|1966|-1
914|독 주머니||44631|NoCarry|0|33|5|1|1935|-1
915|할망의 이빨||44632|NoCarry|0|33|7|1|1936|-1
916|할망의 머리카락||44633|NoCarry|0|33|8|1|1937|-1
917|할망의 눈알||44773|NoCarry|0|33|9|1|2077|-1
918|활||44774|NoCarry|0|50|0|1|2078|-1
919|버섯 위치 1||44275|NoCarry|0|9|10|1|1595|-1
920|버섯 위치 2||44275|NoCarry|0|9|10|1|1595|-1
921|버섯 사용법||44275|NoCarry|0|9|15|1|1595|-1
922|클렌징 워터||44772|NoCarry|0|21|10|1|2076|-1
923|축복받은 물||44332|NoCarry|0|21|10|1|1634|-1
924|꿀벌 항아리||44762|NoCarry|0|21|5|1|2066|-1
925|실버 녹스||44767|Carry|0|5|100|1|2071|-1
112|코인테일||44621|Carry|0|27|5|1|1925|-1
115|위드스키머||44622|Carry|0|27|3|1|1926|-1
116|순무||44434|Carry|0|30|5|1|1749|-1
130|고수||44807|Carry|0|31|7|1|2103|-1
131|알로에 베라||44808|Carry|0|31|6|1|2104|-1
83|연어||44645|Carry|0|27|8|1|1949|-1
135|우유 이끼||44804|Carry|0|31|10|1|2100|-1
136|축축한 이끼||44805|Carry|0|31|8|1|2101|-1
137|달콤 이끼||44806|Carry|0|31|12|1|2102|-1
138|포도 잼||44787|NoCarry|0|40|23|1|2083|-1
148|나이트베리 잼||44788|NoCarry|0|40|34|1|2084|-1
149|설탕 자두 잼||44790|NoCarry|0|40|45|1|2086|-1
150|엘더베리 잼||44791|NoCarry|0|40|60|1|2087|-1
151|황혼 체리 잼||44792|NoCarry|0|40|56|1|2088|-1
152|내장 파이||44647|NoCarry|0|41|48|1|1951|-1
153|찹 구이||44648|Carry|0|45|26|1|1952|-1
154|왕가의 수프||44650|NoCarry|0|44|33|1|1954|-1
155|매력 감소||44655|NoCarry|0|44|34|1|1959|-1
156|라란파스트||44649|NoCarry|0|45|26|1|1953|-1
157|선셋 드라이브오버||44657|NoCarry|0|44|48|1|1961|-1
158|브라켄바르름||44611|NoCarry|0|42|26|1|1924|-1
160|페어리 빵||44796|NoCarry|0|39|39|1|2092|-1
926|베리 브라이트 빵||44797|Carry|0|39|44|1|2093|-1
927|호키 호기||44798|Carry|0|43|33|1|2094|-1
928|각진 웨지||44799|Carry|0|43|57|1|2095|-1
929|베라의 승리 채소||44800|Carry|0|43|41|1|2096|-1
930|크릭 앤 쿠프||44801|Carry|0|43|47|1|2097|-1
931|쏘는 스펀지||44802|Carry|0|42|21|1|2098|-1
932|불타는 플란||44803|Carry|0|41|56|1|2099|-1
933|딸기 잼||44276|NoCarry|330|8|10|1|1596|-1
934|블루베리 잼||44276|NoCarry|331|8|10|1|1596|-1
935|구미얌 파이||44276|NoCarry|460|8|20|1|1596|-1
936|피시위시 파이||44276|NoCarry|461|8|20|1|1596|-1
937|포도 잼||44276|NoCarry|138|8|10|1|1596|-1
938|나이트베리 잼||44276|NoCarry|148|8|15|1|1596|-1
939|설탕 자두 잼||44276|NoCarry|149|8|20|1|1596|-1
940|엘더베리 잼||44276|NoCarry|150|8|20|1|1596|-1
941|황혼 체리 잼||44276|NoCarry|151|8|20|1|1596|-1
942|내장 파이||44276|NoCarry|152|8|10|1|1596|-1
943|찹 구이||44276|NoCarry|153|8|15|1|1596|-1
944|왕가의 수프||44276|NoCarry|154|8|10|1|1596|-1
945|매력 감소||44276|NoCarry|155|8|20|1|1596|-1
946|라란파스트||44276|NoCarry|156|8|20|1|1596|-1
947|선셋 드라이브오버||44276|NoCarry|157|8|15|1|1596|-1
948|브라켄바르름||44276|NoCarry|158|8|15|1|1596|-1
949|페어리 빵||44276|NoCarry|160|8|20|1|1596|-1
950|베리 브라이트 빵||44276|NoCarry|926|8|10|1|1596|-1
951|호키 호기||44276|NoCarry|927|8|10|1|1596|-1
952|각진 웨지||44276|NoCarry|928|8|10|1|1596|-1
953|베라의 승리 채소||44276|NoCarry|929|8|10|1|1596|-1
954|크릭 앤 쿠프||44276|NoCarry|930|8|10|1|1596|-1
955|쏘는 스펀지||44276|NoCarry|931|8|10|1|1596|-1
956|불타는 플란||44276|NoCarry|932|8|20|1|1596|-1
957|순무 씨앗||44481|Carry|59|6|4|1|1741|-1
487|장신구||44459|Carry|0|5|7|1|1774|-1
958|테라리움||44811|Carry|0|34|0|1|3991|-1
959|알로에 베라 위치 1||44275|NoCarry|0|9|10|1|1595|-1
960|위드스키머 위치 1||44275|NoCarry|0|9|10|1|1595|-1
961|알로에 베라 위치 2||44275|NoCarry|0|9|10|1|1595|-1
962|알로에 베라 사용법||44275|NoCarry|0|9|15|1|1595|-1
963|코인테일 위치 1||44275|NoCarry|0|9|10|1|1595|-1
964|코인테일 위치 2||44275|NoCarry|0|9|10|1|1595|-1
965|코인테일 사용법||44275|NoCarry|0|9|15|1|1595|-1
966|고수 위치 1||44275|NoCarry|0|9|10|1|1595|-1
967|고수 위치 2||44275|NoCarry|0|9|10|1|1595|-1
968|고수 사용법||44275|NoCarry|0|9|15|1|1595|-1
969|축축한 이끼 위치 1||44275|NoCarry|0|9|10|1|1595|-1
970|축축한 이끼 위치 2||44275|NoCarry|0|9|10|1|1595|-1
971|축축한 이끼 사용법||44275|NoCarry|0|9|15|1|1595|-1
972|꿀 위치 2||44275|NoCarry|0|9|10|1|1595|-1
973|우유 이끼 위치 1||44275|NoCarry|0|9|10|1|1595|-1
974|우유 이끼 위치 2||44275|NoCarry|0|9|10|1|1595|-1
975|우유 이끼 사용법||44275|NoCarry|0|9|15|1|1595|-1
976|쐐기풀 위치 1||44275|NoCarry|0|9|10|1|1595|-1
977|쐐기풀 위치 2||44275|NoCarry|0|9|10|1|1595|-1
978|쐐기풀 사용법||44275|NoCarry|0|9|15|1|1595|-1
575|돼지고기 나무 위치 1||44275|NoCarry|0|9|10|1|1595|-1
576|돼지고기 나무 위치 2||44275|NoCarry|0|9|10|1|1595|-1
577|돼지고기 나무 사용법||44275|NoCarry|0|9|15|1|1595|-1
979|연어 위치 1||44275|NoCarry|0|9|10|1|1595|-1
980|연어 위치 2||44275|NoCarry|0|9|10|1|1595|-1
981|연어 사용법||44275|NoCarry|0|9|15|1|1595|-1
982|달콤 이끼 위치 1||44275|NoCarry|0|9|10|1|1595|-1
983|달콤 이끼 위치 2||44275|NoCarry|0|9|10|1|1595|-1
984|달콤 이끼 사용법||44275|NoCarry|0|9|15|1|1595|-1
985|순무 위치 1||44275|NoCarry|0|9|10|1|1595|-1
986|순무 위치 2||44275|NoCarry|0|9|10|1|1595|-1
987|순무 사용법||44275|NoCarry|0|9|15|1|1595|-1
988|위드스키머 위치 2||44275|NoCarry|0|9|10|1|1595|-1
989|위드스키머 사용법||44275|NoCarry|0|9|15|1|1595|-1
702|우유 위치 2||44275|NoCarry|0|9|10|1|1595|-1
990|지하실 열쇠||44816|NoCarry|0|28|0|1|-1|-1
991|우정의 반지||44821|NoCarry|0|34|0|1|3992|-1
992|귀환의 토크||44822|Carry|0|34|0|1|3993|-1
993|카바레 뒤 페이 토큰||44823|Carry|0|34|2500|1|3994|-1
994|깊은 광산 열쇠||44852|Carry|0|34|0|1|2135|-1
995|눈보라 지팡이||44825|Carry|0|34|10|1|3995|-1
996|번개 지팡이||44827|Carry|0|34|0|1|3996|-1
997|오르골||44826|Carry|0|34|0|1|3997|-1
998|유리 렌즈||44615|Carry|0|28|2000|1|1594|-1
999|보팔 검 몰드||44828|NoCarry|0|25|1|1|1687|-1
1000|보팔 검||44850|NoCarry|0|0|40|1|2133|-1
1001|히얄라이트 부적||44691|NoCarry|0|26|23|1|1995|-1
114|가스밸리||44437|Carry|0|27|11|1|1752|-1
113|머드키퍼||44436|Carry|0|27|5|1|1751|-1
122|목시||44786|Carry|0|30|14|1|2082|-1
488|리크||44433|Carry|0|30|5|1|1748|-1
479|보그콩||44416|Carry|0|31|6|1|1731|-1
126|보기맨 버섯||44785|Carry|0|30|9|1|2081|-1
480|물안개||44417|Carry|0|31|5|1|1732|-1
478|아이리스||44415|Carry|0|2|7|1|1730|-1
118|마늘||44419|Carry|0|31|5|1|1734|-1
117|마시멜로||44418|Carry|0|31|6|1|1733|-1
129|베일||44843|Carry|0|5|22|1|2126|-1
1002|램튼 파이||33841|Carry|0|41|60|1|3974|-1
1003|램튼 파이||44276|NoCarry|1002|8|5|1|1596|-1
1004|목시 잼||44276|NoCarry|1013|8|10|1|1596|-1
1005|꼬끼오리크 수프||44276|NoCarry|1014|8|10|1|1596|-1
1006|순무 파이||44276|NoCarry|1015|8|10|1|1596|-1
1007|구울 해시||44276|NoCarry|1016|8|5|1|1596|-1
45|걸쭉한 그림||44276|Carry|55|8|10|1|1596|-1
1008|커서리 글랜스||44276|NoCarry|1017|8|50|1|1596|-1
1010|글루톤 프리 케이크||44276|NoCarry|1019|8|50|1|1596|-1
1011|암브로시아||44276|NoCarry|1020|8|50|1|1596|-1
1012|루크의 달리는 사람을 위한 조력 수프||44276|NoCarry|1021|8|50|1|1596|-1
1013|목시 잼||44789|Carry|0|40|53|1|2085|-1
1014|꼬끼오리크 수프||44438|Carry|0|44|24|1|1753|-1
1015|순무 파이||44439|Carry|0|41|29|1|1754|-1
1016|구울 해시||44440|NoCarry|0|45|50|1|1755|-1
1017|커서리 글랜스||44646|Carry|0|45|34|1|1950|-1
1019|글루톤 프리 케이크||44652|Carry|0|42|29|1|1956|-1
1020|암브로시아||44653|Carry|0|42|40|1|1957|-1
1021|루크의 달리는 사람을 위한 조력 수프||44795|NoCarry|0|44|31|1|2091|-1
167|독 혀||44630|NoCarry|0|33|11|1|1934|-1
1022|노란 발톱||44639|NoCarry|0|33|8|1|1943|-1
1023|스프리건의 귀||44641|NoCarry|0|33|5|1|1945|-1
1024|뾰족한 가시||44642|NoCarry|0|33|5|1|1946|-1
1025|오기르의 피||44643|NoCarry|0|33|14|1|1947|-1
1026|악취나는 발가락||44644|NoCarry|0|33|15|1|1948|-1
1027|눈먼 메리||44623|Carry|0|31|14|1|1927|-1
1028|맨드레이크||44624|Carry|0|31|13|1|1928|-1
1029|동굴풀||44625|Carry|0|31|6|1|1929|-1
1030|끈적한 혀 ||44829|NoCarry|0|33|6|1|2110|-1
1031|거친 목구멍||44830|NoCarry|0|33|7|1|2111|-1
1032|파스마즘||44853|Carry|0|31|20|1|2136|-1
1033|샨테라그||44854|Carry|0|31|28|1|2137|-1
1034|이프리스||44855|Carry|0|31|27|1|2138|-1
128|크리스탈 콩||44856|Carry|0|5|15|1|2139|-1
1035|베일 잼||44844|NoCarry|0|40|60|1|2127|-1
1036|베일 잼||44276|NoCarry|1035|8|5|1|1596|-1
1037|컨티냠||44660|Carry|0|42|60|1|1964|-1
1038|컨티냠||44276|NoCarry|1037|8|5|1|1596|-1
1039|거친 목구멍 위치 1||44275|NoCarry|0|9|10|1|1595|-1
1040|님프의 날개 위치 2||44275|NoCarry|0|9|10|1|1595|-1
1041|머드키퍼 사용법||44275|NoCarry|0|9|15|1|1595|-1
1042|거친 목구멍 사용법||44275|NoCarry|0|9|15|1|1595|-1
1043|머드키퍼 위치 1||44275|NoCarry|0|9|10|1|1595|-1
1044|머드키퍼 위치 2||44275|NoCarry|0|9|10|1|1595|-1
1045|가스밸리 위치 1||44275|NoCarry|0|9|40|1|1595|-1
1046|가스밸리 위치 2||44275|NoCarry|0|9|40|1|1595|-1
1047|가스밸리 사용법||44275|NoCarry|0|9|50|1|1595|-1
1048|목시 위치 1||44275|NoCarry|0|9|10|1|1595|-1
1049|목시 위치 2||44275|NoCarry|0|9|10|1|1595|-1
1050|목시 사용법||44275|NoCarry|0|9|15|1|1595|-1
1051|리크 위치 1||44275|NoCarry|0|9|10|1|1595|-1
1052|리크 위치 2||44275|NoCarry|0|9|10|1|1595|-1
1053|리크 사용법||44275|NoCarry|0|9|15|1|1595|-1
1054|물안개 위치 1||44275|NoCarry|0|9|10|1|1595|-1
1055|물안개 위치 2||44275|NoCarry|0|9|10|1|1595|-1
1056|물안개 사용법||44275|NoCarry|0|9|15|1|1595|-1
1057|보그콩 위치 1||44275|NoCarry|0|9|10|1|1595|-1
1058|보그콩 위치 2||44275|NoCarry|0|9|10|1|1595|-1
1059|보그콩 사용법||44275|NoCarry|0|9|15|1|1595|-1
1060|아이리스 위치 1||44275|NoCarry|0|9|10|1|1595|-1
1061|아이리스 위치 2||44275|NoCarry|0|9|10|1|1595|-1
1062|아이리스 사용법||44275|NoCarry|0|9|15|1|1595|-1
1063|눈먼 메리 위치 1||44275|NoCarry|0|9|10|1|1595|-1
1064|눈먼 메리 위치 2||44275|NoCarry|0|9|10|1|1595|-1
1065|눈먼 메리 사용법||44275|NoCarry|0|9|15|1|1595|-1
1066|맨드레이크 위치 1||44275|NoCarry|0|9|10|1|1595|-1
1067|맨드레이크 위치 2||44275|NoCarry|0|9|10|1|1595|-1
1068|맨드레이크 사용법||44275|NoCarry|0|9|15|1|1595|-1
1069|마시멜로 위치 1||44275|NoCarry|0|9|10|1|1595|-1
1070|마시멜로 위치 2||44275|NoCarry|0|9|10|1|1595|-1
1071|마시멜로 사용법||44275|NoCarry|0|9|15|1|1595|-1
1072|마늘 위치 1||44275|NoCarry|0|9|40|1|1595|-1
1073|마늘 위치 2||44275|NoCarry|0|9|40|1|1595|-1
1074|마늘 사용법||44275|NoCarry|0|9|50|1|1595|-1
1075|보기맨 버섯 위치 1||44275|NoCarry|0|9|10|1|1595|-1
1076|보기맨 버섯 위치 2||44275|NoCarry|0|9|10|1|1595|-1
1077|보기맨 버섯 사용법||44275|NoCarry|0|9|15|1|1595|-1
1078|크리스탈 콩 위치 1||44275|NoCarry|0|9|10|1|1595|-1
1079|크리스탈 콩 사용법||44275|NoCarry|0|9|15|1|1595|-1
1080|크리스탈 콩 위치 2||44275|NoCarry|0|9|10|1|1595|-1
1081|베일 위치 1||44275|NoCarry|0|9|10|1|1595|-1
1082|베일 위치 2||44275|NoCarry|0|9|10|1|1595|-1
1083|베일 사용법||44275|NoCarry|0|9|15|1|1595|-1
1084|동굴풀 위치 1||44275|NoCarry|0|9|10|1|1595|-1
1085|동굴풀 위치 2||44275|NoCarry|0|9|10|1|1595|-1
1086|동굴풀 사용법||44275|NoCarry|0|9|15|1|1595|-1
1087|샨테라그 위치 1||44275|NoCarry|0|9|10|1|1595|-1
1088|샨테라그 사용법||44275|NoCarry|0|9|15|1|1595|-1
1089|파스마즘 위치 1||44275|NoCarry|0|9|10|1|1595|-1
1090|파스마즘 사용법||44275|NoCarry|0|9|15|1|1595|-1
1091|파스마즘 위치 2||44275|NoCarry|0|9|10|1|1595|-1
1092|이프리스 위치 1||44275|NoCarry|0|9|10|1|1595|-1
1093|이프리스 사용법||44275|NoCarry|0|9|15|1|1595|-1
1094|홉의 이빨 위치 1||44275|NoCarry|0|9|10|1|1595|-1
1095|홉의 이빨 위치 2||44275|NoCarry|0|9|10|1|1595|-1
1096|홉의 이빨 사용법||44275|NoCarry|0|9|15|1|1595|-1
1097|슬라임 점액 위치 1||44275|NoCarry|0|9|10|1|1595|-1
1098|슬라임 점액 위치 2||44275|NoCarry|0|9|10|1|1595|-1
1099|슬라임 점액 사용법||44275|NoCarry|0|9|15|1|1595|-1
1100|놉의 눈알 위치 1||44275|NoCarry|0|9|10|1|1595|-1
1101|놉의 눈알 위치 2||44275|NoCarry|0|9|10|1|1595|-1
1102|놉의 눈알 사용법||44275|NoCarry|0|9|15|1|1595|-1
1103|영혼의 정수 위치 1||44275|NoCarry|0|9|10|1|1595|-1
1104|영혼의 정수 위치 2||44275|NoCarry|0|9|10|1|1595|-1
1105|영혼의 정수 사용법||44275|NoCarry|0|9|15|1|1595|-1
1106|고대의 천 위치 1||44275|NoCarry|0|9|10|1|1595|-1
1107|고대의 천 위치 2||44275|NoCarry|0|9|10|1|1595|-1
1108|고대의 천 사용법||44275|NoCarry|0|9|15|1|1595|-1
1109|밤의 꼬리 위치 1||44275|NoCarry|0|9|10|1|1595|-1
1110|밤의 꼬리 위치 2||44275|NoCarry|0|9|10|1|1595|-1
1111|밤의 꼬리 사용법||44275|NoCarry|0|9|15|1|1595|-1
1112|검은 발 위치 1||44275|NoCarry|0|9|10|1|1595|-1
1113|검은 발 위치 2||44275|NoCarry|0|9|10|1|1595|-1
1114|검은 발 사용법||44275|NoCarry|0|9|15|1|1595|-1
1115|독 혀 위치 1||44275|NoCarry|0|9|10|1|1595|-1
1116|독 혀 위치 2||44275|NoCarry|0|9|10|1|1595|-1
1117|독 혀 사용법||44275|NoCarry|0|9|15|1|1595|-1
1118|누런 심장 위치 1||44275|NoCarry|0|9|40|1|1595|-1
1119|누런 심장 위치 2||44275|NoCarry|0|9|40|1|1595|-1
1120|누런 심장 사용법||44275|NoCarry|0|9|50|1|1595|-1
1121|마녀의 천 위치 1||44275|NoCarry|0|9|10|1|1595|-1
1122|마녀의 천 위치 2||44275|NoCarry|0|9|10|1|1595|-1
1123|마녀의 천 사용법||44275|NoCarry|0|9|50|1|1595|-1
1125|자수정 위치 1||44275|NoCarry|0|9|10|1|1595|-1
1126|자수정 위치 2||44275|NoCarry|0|9|10|1|1595|-1
1127|자수정 사용법||44275|NoCarry|0|9|15|1|1595|-1
1128|님프의 날개 위치 1||44275|NoCarry|0|9|10|1|1595|-1
1129|할망의 눈알 위치 2||44275|NoCarry|0|9|10|1|1595|-1
1130|님프의 날개 사용법||44275|NoCarry|0|9|15|1|1595|-1
1131|독 주머니 위치 1||44275|NoCarry|0|9|10|1|1595|-1
1132|독 주머니 위치 2||44275|NoCarry|0|9|10|1|1595|-1
1133|독 주머니 사용법||44275|NoCarry|0|9|15|1|1595|-1
1134|할망의 이빨 위치 1||44275|NoCarry|0|9|10|1|1595|-1
1135|할망의 이빨 위치 2||44275|NoCarry|0|9|10|1|1595|-1
1136|할망의 이빨 사용법||44275|NoCarry|0|9|15|1|1595|-1
1137|할망의 머리카락 위치 1||44275|NoCarry|0|9|10|1|1595|-1
1138|할망의 머리카락 위치 2||44275|NoCarry|0|9|10|1|1595|-1
1139|할망의 머리카락 사용법||44275|NoCarry|0|9|15|1|1595|-1
1140|할망의 눈알 위치 1||44275|NoCarry|0|9|10|1|1595|-1
1141|할망의 눈알 사용법||44275|NoCarry|0|9|15|1|1595|-1
1142|유리 눈물 위치 1||44275|NoCarry|0|9|10|1|1595|-1
1143|유리 눈물 위치 2||44275|NoCarry|0|9|10|1|1595|-1
1144|이프리스 위치 2||44275|NoCarry|0|9|10|1|1595|-1
1145|유리 눈물 사용법||44275|NoCarry|0|9|15|1|1595|-1
1146|노란 발톱 위치 1||44275|NoCarry|0|9|10|1|1595|-1
1147|노란 발톱 위치 2||44275|NoCarry|0|9|10|1|1595|-1
1148|노란 발톱 사용법||44275|NoCarry|0|9|15|1|1595|-1
1149|스프리건의 귀 위치 1||44275|NoCarry|0|9|10|1|1595|-1
1150|스프리건의 귀 위치 2||44275|NoCarry|0|9|10|1|1595|-1
1151|스프리건의 귀 사용법||44275|NoCarry|0|9|15|1|1595|-1
1152|뾰족한 가시 위치 1||44275|NoCarry|0|9|10|1|1595|-1
1153|뾰족한 가시 위치 2||44275|NoCarry|0|9|10|1|1595|-1
1154|뾰족한 가시 사용법||44275|NoCarry|0|9|15|1|1595|-1
1155|오기르의 피 위치 1||44275|NoCarry|0|9|40|1|1595|-1
1156|오기르의 피 위치 2||44275|NoCarry|0|9|40|1|1595|-1
1157|오기르의 피 사용법||44275|NoCarry|0|9|49|1|1595|-1
1158|악취나는 발가락 위치 1||44275|NoCarry|0|9|10|1|1595|-1
1159|악취나는 발가락 위치 2||44275|NoCarry|0|9|10|1|1595|-1
1160|악취나는 발가락 사용법||44275|NoCarry|0|9|15|1|1595|-1
1161|끈적한 혀 위치 1||44275|NoCarry|0|9|10|1|1595|-1
1162|끈적한 혀  위치 2||44275|NoCarry|0|9|10|1|1595|-1
1163|끈적한 혀  사용법||44275|NoCarry|0|9|15|1|1595|-1
1164|거친 목구멍 위치 2||44275|NoCarry|0|9|10|1|1595|-1
1165|샨테라그 위치 2||44275|NoCarry|0|9|10|1|1595|-1
182|철 검||44491|NoCarry|0|0|16|1|1804|-1
190|철 낫||44497|NoCarry|0|3|14|1|1810|-1
191|철 삽||44495|NoCarry|0|3|10|1|1808|-1
159|철 광석||44368|NoCarry|0|24|8|1|1684|-1
185|철 장신구||44483|NoCarry|0|37|14|1|1796|-1
520|철 양동이||44494|Carry|0|35|10|1|1807|-1
188|철 와드||44487|NoCarry|0|26|12|1|1800|-1
176|장식 몰드||44661|NoCarry|0|25|50|1|1965|-1
187|철 장식||44726|NoCarry|0|26|12|1|2030|-1
264|루미늄 장식||44734|NoCarry|0|26|12|1|2038|-1
253|셰더리스 장식||44674|NoCarry|0|26|15|1|1978|-1
242|주석 장식||44728|NoCarry|0|26|8|1|2032|-1
209|아연 장식||44729|NoCarry|0|26|8|1|2033|-1
198|구리 장식||44727|NoCarry|0|26|11|1|2031|-1
200|구리 식기||44718|NoCarry|0|26|9|1|2022|-1
266|루미늄 식기||44725|NoCarry|0|26|10|1|2029|-1
255|셰더리스 식기||44673|NoCarry|0|26|13|1|1977|-1
244|주석 식기||44722|NoCarry|0|26|8|1|2026|-1
211|아연 식기||44720|NoCarry|0|26|6|1|2024|-1
178|식기 몰드||44664|NoCarry|0|25|40|1|1968|-1
189|철 식기||44717|NoCarry|0|26|10|1|2021|-1
194|구리 망치||44701|NoCarry|0|26|9|1|2005|-1
172|망치 몰드||44663|NoCarry|0|25|50|1|1967|-1
183|철 망치||44700|NoCarry|0|26|10|1|2004|-1
260|루미늄 망치||44706|NoCarry|0|26|10|1|2010|-1
249|셰더리스 망치||44670|NoCarry|0|26|13|1|1974|-1
238|주석 망치||44705|NoCarry|0|26|6|1|2009|-1
205|아연 망치||44702|NoCarry|0|26|6|1|2006|-1
1166|요정 케이크||44276|NoCarry|462|8|50|1|1596|-1
1167|실버 펜던트||44814|NoCarry|0|37|0|1|-1|-1
1168|어비스스톤 광석||44626|NoCarry|0|24|20|1|1930|-1
184|철 부적||44683|NoCarry|0|26|12|1|1987|-1
1169|황금 달걀||44263|Carry|0|7|250|1|1583|-1
1170|페어웨더 토큰||56075|NoCarry|0|7|0|1|-1|-1
17|모웨나 우상||44842|NoCarry|0|36|20|1|2125|-1
170|히얄리스 우상||44832|NoCarry|0|36|20|1|2122|-1
19|오로레 우상||44831|NoCarry|0|36|20|1|2121|-1
1171|첼력 토큰||56075|Carry|0|29|10|1|-1|-1
1172|능력치 토큰||56075|Carry|0|29|10|1|-1|-1
1173|좋은 토큰||56067|Carry|0|29|0|1|-1|-1
1174|나쁜 토큰||56059|Carry|0|29|0|1|-1|-1
40|베이컨 서프라이즈||44276|Carry|50|8|10|1|1596|-1
41|에드워드의 뭉크||44276|Carry|51|8|10|1|1596|-1
1175|전설속의 검 1||33843|NoCarry|0|0|0|1|3976|-1
1176|전설속의 검 2||33844|NoCarry|0|0|0|1|3977|-1
1177|전설속의 검 3||33845|NoCarry|0|0|0|1|3978|-1
1178|전설속의 검 4||33846|NoCarry|0|0|0|1|3979|-1
1179|전설속의 검 5||33847|NoCarry|0|0|0|1|3980|-1
1180|고대인의 망치||44851|NoCarry|0|34|99|1|2134|-1
168|히얄라이트 광석||44627|NoCarry|0|24|15|1|1931|-1
841|8 비트 더스트||44604|NoCarry|0|19|23|1|1917|-1
519|히얄라이트 양동이||44699|Carry|0|35|19|1|2003|-1
290|히얄라이트 삽||44712|NoCarry|0|3|19|1|2016|-1
289|히얄라이트 낫||44716|NoCarry|0|3|27|1|2020|-1
281|히얄라이트 검||44695|NoCarry|0|0|30|1|1999|-1
287|히얄라이트 와드||44682|NoCarry|0|26|23|1|1986|-1
286|히얄라이트 장식||44731|NoCarry|0|26|23|1|2035|-1
284|히얄라이트 장신구||44678|NoCarry|0|37|26|1|1982|-1
282|히얄라이트 망치||44708|NoCarry|0|26|19|1|2012|-1
288|히얄라이트 식기||44722|NoCarry|0|26|19|1|2026|-1
522|어비스스톤 양동이||44698|Carry|0|35|25|1|2002|-1
273|어비스스톤 장신구||44677|NoCarry|0|37|34|1|1981|-1
279|어비스스톤 삽||44711|NoCarry|0|3|25|1|2015|-1
278|어비스스톤 낫||44715|NoCarry|0|3|36|1|2019|-1
270|어비스스톤 검||44694|NoCarry|0|0|40|1|1998|-1
276|어비스스톤 와드||44681|NoCarry|0|26|40|1|1985|-1
272|어비스스톤 부적||44687|NoCarry|0|26|30|1|1991|-1
271|어비스스톤 망치||44707|NoCarry|0|26|25|1|2011|-1
275|어비스스톤 장식||44730|NoCarry|0|26|30|1|1991|-1
277|어비스스톤 식기||44721|NoCarry|0|26|25|1|2025|-1
1181|캠프파이어||33842|Carry|0|34|0|1|3999|-1
1182|리크 씨앗||44845|Carry|61|6|4|1|2128|-1
1183|크리스탈 콩 씨앗||44846|Carry|77|6|40|1|2129|-1
1184|분홍 장미 씨앗||44847|Carry|39|6|4|1|2130|-1
1185|아이리스 씨앗||44848|Carry|66|6|4|1|2131|-1
1186|동굴풀 씨앗||44849|Carry|69|6|4|1|2132|-1
1187|노움 광산 열쇠||44283|NoCarry|0|28|0|1|1603|-1
1188|워젤의 작은 동굴 열쇠||44283|NoCarry|0|28|0|1|1603|-1
1189|주석 광석 위치 1||44275|NoCarry|0|9|10|1|1595|-1
1190|구리 광석 위치 1||44275|NoCarry|0|9|10|1|1595|-1
1191|아연 광석 위치 1||44275|NoCarry|0|9|10|1|1595|-1
1192|철 광석 위치 1||44275|NoCarry|0|9|10|1|1595|-1
1193|셰더리스 광석 위치 1||44275|NoCarry|0|9|10|1|1595|-1
1194|루미늄 광석 위치 1||44275|NoCarry|0|9|10|1|1595|-1
1195|어비스스톤 광석 위치 1||44275|NoCarry|0|9|10|1|1595|-1
1196|히얄라이트 광석 위치 1||44275|NoCarry|0|9|10|1|1595|-1
1197|안개 뿔||36849|Carry|0|34|0|1|4000|-1
1198|칼모니카||36850|Carry|0|34|0|1|4001|-1
1199|Snowglobe||36853|Carry|0|34|0|1|4002|-1
1200|바람 반지||36854|Carry|0|34|10|1|4003|-1
1201|하이야의 합성 양동이||36857|Carry|0|35|0|1|1576|-1
1202|모크클러키 씨앗||21115|Carry|76|6|4|1|1703|-1
1203|신성한 탐지기||36852|NoCarry|0|34|0|1|4004|-1
1204|공작 기계||36855|NoCarry|0|34|1|1|4005|-1
1205|화학 세트||36856|NoCarry|0|34|1|1|4006|-1
1206|버그패스 교수||36848|NoCarry|0|34|1|1|4007|-1
1207|낭비 없음||36851|NoCarry|0|34|1|1|4008|-1
1208|삽화를 넣은 책||26585|Carry|0|7|0|1|3981|-1
1209|나무||42335|NoCarry|2|7|2|1|3982|-1
1210|돌||42334|NoCarry|0|7|3|1|3983|-1
173|카바레 커스터마이징 꾸러미||42336|NoCarry|0|28|500|1|3985|-1
269|베일 커스터마이징 꾸러미||42336|NoCarry|0|28|100|1|3985|-1
192|섬머다운 커스터마이징 꾸러미||42336|NoCarry|0|28|200|1|3985|-1
280|멜로우필드 커스터마이징 꾸러미 1||42336|NoCarry|0|28|300|1|3985|-1
181|멜로우필드 커스터마이징 꾸러미 2||42336|NoCarry|0|28|300|1|3985|-1
258|워마쉬 커스터마이징 꾸러미 1||42336|NoCarry|0|28|400|1|3985|-1
247|워마쉬 커스터마이징 꾸러미 2||42336|NoCarry|0|28|400|1|3985|-1
236|도끼||34839|NoCarry|0|3|10|1|3927|-1
203|스톡우드 커스터마이징 꾸러미||42336|NoCarry|0|28|500|1|3985|-1
1211|포피힐 통행증||29560|NoCarry|0|28|0|1|-1|-1
1212|우주 종||27929|Carry|0|34|0|1|4009|-1
1213|메테오리트||27971|NoCarry|2|7|1000|1|3984|-1
1214|보이드 커스터마이징 꾸러미||42336|NoCarry|2|28|500|1|3985|-1
1215|무덤 열쇠||44283|NoCarry|0|28|0|1|1603|-1
1216|NPC 커스터마이징 아이템||42337|NoCarry|0|28|1|1|3986|-1
1217|온실||42337|NoCarry|0|28|1|1|3986|-1
